go go, powerrangers!
ranks: 1024
dim: (90, 90, 90)
TracingWriter::initialized()
  time: 2013-Jun-30 21:42:53.152060
TracingWriter::stepFinished()
  step: 2 of 200
  elapsed: 00:02:06.786155
  remaining: 03:29:11.829345
  ETA:  2013-Jul-01 01:14:11.767045
  speed: 1.14997e-05 GLUPS
  effective memory bandwidth 0.141308 GB/s
  time: 2013-Jun-30 21:44:59.941231
TracingWriter::stepFinished()
  step: 4 of 200
  elapsed: 00:04:13.483168
  remaining: 03:27:00.675232
  ETA:  2013-Jul-01 01:14:07.309945
  speed: 1.15037e-05 GLUPS
  effective memory bandwidth 0.141358 GB/s
  time: 2013-Jun-30 21:47:06.643074
TracingWriter::stepFinished()
  step: 6 of 200
  elapsed: 00:06:20.154085
  remaining: 03:24:51.648748
  ETA:  2013-Jul-01 01:14:04.954378
  speed: 1.15059e-05 GLUPS
  effective memory bandwidth 0.141384 GB/s
  time: 2013-Jun-30 21:49:13.308596
TracingWriter::stepFinished()
  step: 8 of 200
  elapsed: 00:08:26.830183
  remaining: 03:22:43.924392
  ETA:  2013-Jul-01 01:14:03.906120
  speed: 1.15068e-05 GLUPS
  effective memory bandwidth 0.141396 GB/s
  time: 2013-Jun-30 21:51:19.984809
2013-06-30 21:52:27.103 (WARN ) [0x400011d8c80] :ibm.runjob.LogSignalInfo: received signal 24
2013-06-30 21:52:27.103 (WARN ) [0x400011d8c80] :ibm.runjob.LogSignalInfo: signal sent from USER
2013-06-30 21:52:27.104 (WARN ) [0x400011d8c80] :ibm.runjob.LogSignalInfo: sent from pid 9669
2013-06-30 21:52:27.104 (WARN ) [0x400011d8c80] :ibm.runjob.LogSignalInfo: could not read /proc/9669/exe
2013-06-30 21:52:27.104 (WARN ) [0x400011d8c80] :ibm.runjob.LogSignalInfo: Permission denied
2013-06-30 21:52:27.104 (WARN ) [0x400011d8c80] :ibm.runjob.LogSignalInfo: sent from uid 0 (root)
2013-06-30 21:52:28.447 (WARN ) [0x400011d8c80] :516066:ibm.runjob.client.Job: terminated by signal 9
2013-06-30 21:52:28.447 (WARN ) [0x400011d8c80] :516066:ibm.runjob.client.Job: abnormal termination by signal 9 from rank 965
